 .9
1.0
 .6
 .9
 .6
 .6
 .6
 .9
1.0
1.0
 .7
1.0
 .6
 .6
 .9
 .7
 .9
 .9
 .7
 .7
 .7
 .7
 .3
 .7
 .9
 .9
 .8
 .7
 .9
 .6
 .4
 .6
 .7
1.0
 .7
 .7
 .9
 .6
 .9
 .7
1.0
 .7
 .7
1.0
 .9
 .9
 .9
 .6
1.0
 .9
 .6
 .9
 .7
 .7
 .6
 .7
 .9
1.0
 .7
 .3
 .6
 .7
 .7
 .6
 .7
 .6
 .7
 .7
 .7
 .4
 .9
 .7
 .9
 .6
 .9
 .6
 .9
1.0
 .9
1.0
 .6
 .9
 .9
 .9
 .7
 .7
1.0
 .9
 .9
1.0
 .6
 .9
 .7
 .7
 .9
 .3
1.0
1.3
1.0
 .9
1.0
 .9
 .9
1.6
 .6
1.0
 .9
1.0
 .7
 .9
 .8
 .8
 .7
 .7
1.0
 .9
1.0
 .9
1.0
 .7
 .7
1.0
 .9
 .7
 .7
 .7
 .6
 .9
 .6
 .6
 .9
 .9
 .9
 .6
 .8
1.0
 .6
 .9
1.0
 .9
 .9
 .9
1.6
 .6
 .6
 .9
 .3
 .7
 .9
 .7
 .9
 .6
 .9
 .8
 .8
 .6
1.0
 .6
 .6
 .9
1.0
 .7
 .9
1.6
1.0
 .7
 .1
1.0
 .7
1.0
 .7
 .9
 .7
 .9
 .9
 .9
 .9
 .9
 .9
 .6
 .9
1.0
 .9
 .9
 .9
 .4
 .6
1.0
 .8
 .8
 .8
 .8
1.1
 .9
